I= [1, 0, 0; 0, 1, 0; 0, 0, 1];

A= [0, 1, 0; 0, 0, 1; -1, -1, -2];
B= [0; 0; 1];

dT=0.1;

X0 = [2; 0; 0];
t0 = 0;
tf = 50;